scaffold_27_(dbseq-nr_26)_[14527,23556]	scaffold_3160_(dbseq-nr_3159)_[4818,14201]	95.579	6741	186	66	890	7581	8951	2274	0.0	10695
scaffold_27_(dbseq-nr_26)_[14527,23556]	scaffold_4728_(dbseq-nr_4727)_[969,10498]	95.566	6743	185	67	890	7581	9212	2533	0.0	10691
scaffold_27_(dbseq-nr_26)_[14527,23556]	scaffold_4359_(dbseq-nr_4358)_[1880,11407]	95.566	6743	185	67	890	7581	594	7273	0.0	10691
scaffold_27_(dbseq-nr_26)_[14527,23556]	scaffold_4177_(dbseq-nr_4176)_[7,8993]	95.566	6743	185	67	890	7581	7831	1152	0.0	10691
scaffold_27_(dbseq-nr_26)_[14527,23556]	scaffold_4065_(dbseq-nr_4064)_[21,9234]	95.577	6738	188	65	890	7580	2484	9158	0.0	10691
scaffold_27_(dbseq-nr_26)_[14527,23556]	scaffold_2897_(dbseq-nr_2896)_[5326,14840]	95.578	6739	187	65	890	7580	208	6883	0.0	10691
scaffold_27_(dbseq-nr_26)_[14527,23556]	scaffold_4020_(dbseq-nr_4019)_[3323,12170]	95.550	6742	186	67	890	7581	7235	558	0.0	10683
scaffold_27_(dbseq-nr_26)_[14527,23556]	scaffold_3710_(dbseq-nr_3709)_[6,9034]	95.536	6743	185	68	890	7581	537	7214	0.0	10678
scaffold_27_(dbseq-nr_26)_[14527,23556]	scaffold_2755_(dbseq-nr_2754)_[5990,15179]	95.534	6740	190	67	890	7580	504	7181	0.0	10676
scaffold_27_(dbseq-nr_26)_[14527,23556]	scaffold_5257_(dbseq-nr_5256)_[197,9093]	95.517	6737	189	67	890	7580	1211	7880	0.0	10663
scaffold_27_(dbseq-nr_26)_[14527,23556]	scaffold_1930_(dbseq-nr_1929)_[6,8857]	95.502	6737	189	67	890	7580	8375	1707	0.0	10658
scaffold_27_(dbseq-nr_26)_[14527,23556]	scaffold_3085_(dbseq-nr_3084)_[5160,14265]	95.492	6633	183	70	1001	7581	9106	2538	0.0	10486
scaffold_27_(dbseq-nr_26)_[14527,23556]	scaffold_4851_(dbseq-nr_4850)_[10,9523]	95.490	6585	183	70	890	7423	6522	1	0.0	10410
scaffold_27_(dbseq-nr_26)_[14527,23556]	scaffold_5212_(dbseq-nr_5211)_[12,9270]	95.643	6496	177	60	1133	7581	9259	2823	0.0	10331
