scaffold_220_(dbseq-nr_219)_[112690,114113]	scaffold_17_(dbseq-nr_16)_[192744,195254]	91.825	1419	103	13	10	1421	2056	644	0.0	1965
scaffold_220_(dbseq-nr_219)_[112690,114113]	scaffold_17_(dbseq-nr_16)_[192744,195254]	91.825	1419	103	13	10	1421	2284	872	0.0	1965
scaffold_220_(dbseq-nr_219)_[112690,114113]	scaffold_17_(dbseq-nr_16)_[192744,195254]	91.755	1419	104	13	10	1421	1600	188	0.0	1960
scaffold_220_(dbseq-nr_219)_[112690,114113]	scaffold_17_(dbseq-nr_16)_[192744,195254]	91.755	1419	104	13	10	1421	1828	416	0.0	1960
scaffold_220_(dbseq-nr_219)_[112690,114113]	scaffold_17_(dbseq-nr_16)_[192744,195254]	91.678	1418	105	13	11	1421	2511	1100	0.0	1953
scaffold_220_(dbseq-nr_219)_[112690,114113]	scaffold_17_(dbseq-nr_16)_[192744,195254]	91.988	1373	98	12	10	1376	1372	6	0.0	1916
scaffold_220_(dbseq-nr_219)_[112690,114113]	scaffold_17_(dbseq-nr_16)_[192744,195254]	91.590	1189	89	11	239	1421	2511	1328	0.0	1631
scaffold_220_(dbseq-nr_219)_[112690,114113]	scaffold_17_(dbseq-nr_16)_[192744,195254]	91.871	1144	83	10	10	1148	1144	6	0.0	1589
scaffold_220_(dbseq-nr_219)_[112690,114113]	scaffold_50_(dbseq-nr_49)_[436178,438471]	90.204	1419	126	13	10	1421	1838	426	0.0	1838
scaffold_220_(dbseq-nr_219)_[112690,114113]	scaffold_50_(dbseq-nr_49)_[436178,438471]	90.134	1419	127	13	10	1421	1610	198	0.0	1832
scaffold_220_(dbseq-nr_219)_[112690,114113]	scaffold_50_(dbseq-nr_49)_[436178,438471]	90.134	1419	127	13	10	1421	2066	654	0.0	1832
scaffold_220_(dbseq-nr_219)_[112690,114113]	scaffold_50_(dbseq-nr_49)_[436178,438471]	90.134	1419	127	13	10	1421	2294	882	0.0	1832
scaffold_220_(dbseq-nr_219)_[112690,114113]	scaffold_50_(dbseq-nr_49)_[436178,438471]	90.240	1373	122	12	10	1376	1382	16	0.0	1783
scaffold_220_(dbseq-nr_219)_[112690,114113]	scaffold_50_(dbseq-nr_49)_[436178,438471]	90.168	1190	106	11	238	1421	2294	1110	0.0	1539
scaffold_220_(dbseq-nr_219)_[112690,114113]	scaffold_50_(dbseq-nr_49)_[436178,438471]	90.210	1144	102	10	10	1148	1154	16	0.0	1483
