scaffold_186_(dbseq-nr_185)_[99189,100816]	scaffold_3_(dbseq-nr_2)_[5570929,5572977]	91.929	1623	129	2	1	1623	1847	227	0.0	2270
scaffold_186_(dbseq-nr_185)_[99189,100816]	scaffold_3_(dbseq-nr_2)_[5570929,5572977]	91.857	1621	130	2	1	1621	1619	1	0.0	2261
scaffold_186_(dbseq-nr_185)_[99189,100816]	scaffold_3_(dbseq-nr_2)_[5570929,5572977]	92.085	1592	126	0	32	1623	2046	455	0.0	2242
scaffold_186_(dbseq-nr_185)_[99189,100816]	scaffold_3_(dbseq-nr_2)_[5570929,5572977]	91.835	1384	112	1	10	1393	1383	1	0.0	1929
scaffold_186_(dbseq-nr_185)_[99189,100816]	scaffold_3_(dbseq-nr_2)_[5570929,5572977]	92.009	1364	109	0	260	1623	2046	683	0.0	1916
scaffold_186_(dbseq-nr_185)_[99189,100816]	scaffold_3_(dbseq-nr_2)_[5570929,5572977]	91.760	1165	94	2	1	1165	1163	1	0.0	1618
scaffold_186_(dbseq-nr_185)_[99189,100816]	scaffold_3_(dbseq-nr_2)_[5570929,5572977]	92.165	1136	89	0	488	1623	2046	911	0.0	1605
scaffold_186_(dbseq-nr_185)_[99189,100816]	scaffold_3_(dbseq-nr_2)_[5563359,5565420]	91.578	1603	135	0	21	1623	4	1606	0.0	2213
scaffold_186_(dbseq-nr_185)_[99189,100816]	scaffold_3_(dbseq-nr_2)_[5563359,5565420]	90.943	1623	145	2	1	1623	214	1834	0.0	2182
scaffold_186_(dbseq-nr_185)_[99189,100816]	scaffold_3_(dbseq-nr_2)_[5563359,5565420]	90.758	1623	148	2	1	1623	442	2062	0.0	2165
scaffold_186_(dbseq-nr_185)_[99189,100816]	scaffold_3_(dbseq-nr_2)_[5563359,5565420]	91.111	1395	122	2	1	1395	670	2062	0.0	1888
scaffold_186_(dbseq-nr_185)_[99189,100816]	scaffold_3_(dbseq-nr_2)_[5563359,5565420]	91.514	1367	116	0	257	1623	12	1378	0.0	1882
scaffold_186_(dbseq-nr_185)_[99189,100816]	scaffold_3_(dbseq-nr_2)_[5563359,5565420]	90.917	1167	104	2	1	1167	898	2062	0.0	1567
scaffold_186_(dbseq-nr_185)_[99189,100816]	scaffold_3_(dbseq-nr_2)_[5563359,5565420]	91.308	1139	99	0	485	1623	12	1150	0.0	1555
scaffold_186_(dbseq-nr_185)_[99189,100816]	scaffold_12_(dbseq-nr_11)_[2273752,2276639]	90.289	1143	110	1	254	1395	2099	957	0.0	1495
scaffold_547_(dbseq-nr_546)_[38402,40065]	scaffold_109_(dbseq-nr_108)_[361445,376094]	91.105	1158	103	0	224	1381	9174	8017	0.0	1568
