chromosome_8_(dbseq-nr_7)_[3708215,3709826]	scaffold_17_(dbseq-nr_16)_[192744,195254]	93.166	1595	105	4	20	1612	918	2510	0.0	2338
chromosome_8_(dbseq-nr_7)_[3708215,3709826]	scaffold_17_(dbseq-nr_16)_[192744,195254]	92.915	1595	109	4	20	1612	690	2282	0.0	2316
chromosome_8_(dbseq-nr_7)_[3708215,3709826]	scaffold_17_(dbseq-nr_16)_[192744,195254]	92.812	1600	111	4	15	1612	1	1598	0.0	2314
chromosome_8_(dbseq-nr_7)_[3708215,3709826]	scaffold_17_(dbseq-nr_16)_[192744,195254]	92.853	1595	110	4	20	1612	462	2054	0.0	2311
chromosome_8_(dbseq-nr_7)_[3708215,3709826]	scaffold_17_(dbseq-nr_16)_[192744,195254]	92.602	1595	114	4	20	1612	234	1826	0.0	2289
chromosome_8_(dbseq-nr_7)_[3708215,3709826]	scaffold_17_(dbseq-nr_16)_[192744,195254]	93.202	1368	89	4	20	1385	1146	2511	0.0	2008
chromosome_8_(dbseq-nr_7)_[3708215,3709826]	scaffold_17_(dbseq-nr_16)_[192744,195254]	92.538	1367	98	4	248	1612	6	1370	0.0	1956
chromosome_8_(dbseq-nr_7)_[3708215,3709826]	scaffold_17_(dbseq-nr_16)_[192744,195254]	93.158	1140	74	4	20	1157	1374	2511	0.0	1670
chromosome_8_(dbseq-nr_7)_[3708215,3709826]	scaffold_17_(dbseq-nr_16)_[192744,195254]	92.091	1138	88	2	476	1612	6	1142	0.0	1602
chromosome_8_(dbseq-nr_7)_[3708215,3709826]	scaffold_50_(dbseq-nr_49)_[436178,438471]	92.050	1610	124	4	5	1612	1	1608	0.0	2261
chromosome_8_(dbseq-nr_7)_[3708215,3709826]	scaffold_50_(dbseq-nr_49)_[436178,438471]	92.040	1608	123	5	7	1612	232	1836	0.0	2255
chromosome_8_(dbseq-nr_7)_[3708215,3709826]	scaffold_50_(dbseq-nr_49)_[436178,438471]	91.975	1595	124	4	20	1612	472	2064	0.0	2233
chromosome_8_(dbseq-nr_7)_[3708215,3709826]	scaffold_50_(dbseq-nr_49)_[436178,438471]	91.912	1595	125	4	20	1612	700	2292	0.0	2228
chromosome_8_(dbseq-nr_7)_[3708215,3709826]	scaffold_50_(dbseq-nr_49)_[436178,438471]	91.823	1382	108	5	7	1386	916	2294	0.0	1921
chromosome_8_(dbseq-nr_7)_[3708215,3709826]	scaffold_50_(dbseq-nr_49)_[436178,438471]	91.514	1367	112	4	248	1612	16	1380	0.0	1879
chromosome_8_(dbseq-nr_7)_[3708215,3709826]	scaffold_50_(dbseq-nr_49)_[436178,438471]	91.768	1154	90	5	7	1158	1144	2294	0.0	1600
chromosome_8_(dbseq-nr_7)_[3708215,3709826]	scaffold_50_(dbseq-nr_49)_[436178,438471]	92.004	1138	89	2	476	1612	16	1152	0.0	1596
chromosome_8_(dbseq-nr_7)_[3708215,3709826]	scaffold_3_(dbseq-nr_2)_[5570929,5572977]	91.915	1608	127	3	6	1612	1606	1	0.0	2246
chromosome_8_(dbseq-nr_7)_[3708215,3709826]	scaffold_3_(dbseq-nr_2)_[5570929,5572977]	91.853	1608	128	3	6	1612	1834	229	0.0	2241
chromosome_8_(dbseq-nr_7)_[3708215,3709826]	scaffold_3_(dbseq-nr_2)_[5570929,5572977]	91.332	1592	134	4	23	1612	2046	457	0.0	2172
chromosome_8_(dbseq-nr_7)_[3708215,3709826]	scaffold_3_(dbseq-nr_2)_[5570929,5572977]	91.528	1381	112	5	6	1384	1378	1	0.0	1897
chromosome_8_(dbseq-nr_7)_[3708215,3709826]	scaffold_3_(dbseq-nr_2)_[5570929,5572977]	91.129	1364	117	4	251	1612	2046	685	0.0	1845
chromosome_8_(dbseq-nr_7)_[3708215,3709826]	scaffold_3_(dbseq-nr_2)_[5570929,5572977]	91.587	1153	92	5	6	1156	1150	1	0.0	1587
chromosome_8_(dbseq-nr_7)_[3708215,3709826]	scaffold_3_(dbseq-nr_2)_[5570929,5572977]	91.189	1135	98	2	479	1612	2046	913	0.0	1541
chromosome_8_(dbseq-nr_7)_[3708215,3709826]	scaffold_3_(dbseq-nr_2)_[5563359,5565420]	90.954	1603	143	2	11	1612	3	1604	0.0	2156
chromosome_8_(dbseq-nr_7)_[3708215,3709826]	scaffold_3_(dbseq-nr_2)_[5563359,5565420]	90.858	1608	144	3	6	1612	455	2060	0.0	2152
chromosome_8_(dbseq-nr_7)_[3708215,3709826]	scaffold_3_(dbseq-nr_2)_[5563359,5565420]	90.361	1608	152	3	6	1612	227	1832	0.0	2108
chromosome_8_(dbseq-nr_7)_[3708215,3709826]	scaffold_3_(dbseq-nr_2)_[5563359,5565420]	90.731	1381	127	1	6	1386	683	2062	0.0	1840
chromosome_8_(dbseq-nr_7)_[3708215,3709826]	scaffold_3_(dbseq-nr_2)_[5563359,5565420]	90.563	1367	125	4	248	1612	12	1376	0.0	1807
chromosome_8_(dbseq-nr_7)_[3708215,3709826]	scaffold_3_(dbseq-nr_2)_[5563359,5565420]	90.807	1153	105	1	6	1158	911	2062	0.0	1541
chromosome_8_(dbseq-nr_7)_[3708215,3709826]	scaffold_3_(dbseq-nr_2)_[5563359,5565420]	90.869	1139	100	4	476	1612	12	1148	0.0	1524
