scaffold_9_(dbseq-nr_8)_[374633,382510]	scaffold_403_(dbseq-nr_402)_[23397,31380]	97.919	6824	110	10	1080	7875	1165	7984	0.0	11786
scaffold_186_(dbseq-nr_185)_[99189,100816]	scaffold_61_(dbseq-nr_60)_[601851,603908]	91.202	1614	141	1	10	1623	1841	229	0.0	2193
scaffold_186_(dbseq-nr_185)_[99189,100816]	scaffold_61_(dbseq-nr_60)_[601851,603908]	91.323	1602	139	0	22	1623	2058	457	0.0	2189
scaffold_186_(dbseq-nr_185)_[99189,100816]	scaffold_61_(dbseq-nr_60)_[601851,603908]	91.140	1614	142	1	10	1623	1613	1	0.0	2187
scaffold_186_(dbseq-nr_185)_[99189,100816]	scaffold_61_(dbseq-nr_60)_[601851,603908]	91.514	1367	116	0	29	1395	1367	1	0.0	1882
scaffold_186_(dbseq-nr_185)_[99189,100816]	scaffold_61_(dbseq-nr_60)_[601851,603908]	91.295	1367	119	0	257	1623	2051	685	0.0	1866
scaffold_186_(dbseq-nr_185)_[99189,100816]	scaffold_61_(dbseq-nr_60)_[601851,603908]	91.572	1139	96	0	485	1623	2051	913	0.0	1572
scaffold_186_(dbseq-nr_185)_[99189,100816]	scaffold_61_(dbseq-nr_60)_[601851,603908]	91.019	1158	103	1	10	1167	1157	1	0.0	1561
scaffold_186_(dbseq-nr_185)_[99189,100816]	scaffold_61_(dbseq-nr_60)_[594406,595998]	90.835	1593	146	0	29	1621	1	1593	0.0	2134
scaffold_186_(dbseq-nr_185)_[99189,100816]	scaffold_61_(dbseq-nr_60)_[594406,595998]	90.462	1384	131	1	10	1393	211	1593	0.0	1823
scaffold_186_(dbseq-nr_185)_[99189,100816]	scaffold_61_(dbseq-nr_60)_[594406,595998]	90.563	1367	129	0	257	1623	1	1367	0.0	1810
scaffold_186_(dbseq-nr_185)_[99189,100816]	scaffold_61_(dbseq-nr_60)_[594406,595998]	90.869	1139	104	0	485	1623	1	1139	0.0	1528
scaffold_186_(dbseq-nr_185)_[99189,100816]	scaffold_61_(dbseq-nr_60)_[594406,595998]	90.043	1165	114	2	1	1165	431	1593	0.0	1507
scaffold_337_(dbseq-nr_336)_[55766,57166]	scaffold_403_(dbseq-nr_402)_[23397,31380]	93.642	1038	39	14	33	1068	7984	6972	0.0	1526
scaffold_337_(dbseq-nr_336)_[55766,57166]	scaffold_403_(dbseq-nr_402)_[23397,31380]	93.945	1024	37	8	29	1050	1001	1	0.0	1524
