chromosome_8_(dbseq-nr_7)_[3708215,3709826]	scaffold_8_(dbseq-nr_7)_[435588,437642]	92.750	1600	112	4	15	1612	1	1598	0.0	2309
chromosome_8_(dbseq-nr_7)_[3708215,3709826]	scaffold_8_(dbseq-nr_7)_[435588,437642]	92.414	1595	117	4	20	1612	234	1826	0.0	2272
chromosome_8_(dbseq-nr_7)_[3708215,3709826]	scaffold_8_(dbseq-nr_7)_[435588,437642]	92.414	1595	117	4	20	1612	462	2054	0.0	2272
chromosome_8_(dbseq-nr_7)_[3708215,3709826]	scaffold_8_(dbseq-nr_7)_[435588,437642]	92.612	1367	97	4	248	1612	6	1370	0.0	1962
chromosome_8_(dbseq-nr_7)_[3708215,3709826]	scaffold_8_(dbseq-nr_7)_[435588,437642]	92.471	1368	99	4	20	1385	690	2055	0.0	1953
chromosome_8_(dbseq-nr_7)_[3708215,3709826]	scaffold_8_(dbseq-nr_7)_[435588,437642]	93.070	1140	75	4	20	1157	918	2055	0.0	1664
chromosome_8_(dbseq-nr_7)_[3708215,3709826]	scaffold_8_(dbseq-nr_7)_[435588,437642]	92.267	1138	86	2	476	1612	6	1142	0.0	1613
chromosome_8_(dbseq-nr_7)_[3708215,3709826]	scaffold_61_(dbseq-nr_60)_[601851,603908]	92.609	1610	112	7	6	1612	1836	231	0.0	2307
chromosome_8_(dbseq-nr_7)_[3708215,3709826]	scaffold_61_(dbseq-nr_60)_[601851,603908]	92.581	1604	111	8	13	1612	2058	459	0.0	2296
chromosome_8_(dbseq-nr_7)_[3708215,3709826]	scaffold_61_(dbseq-nr_60)_[601851,603908]	92.418	1609	117	5	6	1612	1608	3	0.0	2290
chromosome_8_(dbseq-nr_7)_[3708215,3709826]	scaffold_61_(dbseq-nr_60)_[601851,603908]	92.408	1383	98	7	7	1386	1379	1	0.0	1965
chromosome_8_(dbseq-nr_7)_[3708215,3709826]	scaffold_61_(dbseq-nr_60)_[601851,603908]	92.403	1369	96	8	248	1612	2051	687	0.0	1945
chromosome_8_(dbseq-nr_7)_[3708215,3709826]	scaffold_61_(dbseq-nr_60)_[601851,603908]	92.215	1156	83	7	6	1158	1152	1	0.0	1629
chromosome_8_(dbseq-nr_7)_[3708215,3709826]	scaffold_61_(dbseq-nr_60)_[601851,603908]	92.456	1140	80	6	476	1612	2051	915	0.0	1624
chromosome_8_(dbseq-nr_7)_[3708215,3709826]	scaffold_61_(dbseq-nr_60)_[594406,595998]	92.799	1597	107	8	20	1612	1	1593	0.0	2305
chromosome_8_(dbseq-nr_7)_[3708215,3709826]	scaffold_61_(dbseq-nr_60)_[594406,595998]	92.692	1382	94	7	6	1384	216	1593	0.0	1986
chromosome_8_(dbseq-nr_7)_[3708215,3709826]	scaffold_61_(dbseq-nr_60)_[594406,595998]	92.471	1368	97	6	248	1612	1	1365	0.0	1951
chromosome_8_(dbseq-nr_7)_[3708215,3709826]	scaffold_61_(dbseq-nr_60)_[594406,595998]	92.808	1154	76	7	6	1156	444	1593	0.0	1664
chromosome_8_(dbseq-nr_7)_[3708215,3709826]	scaffold_61_(dbseq-nr_60)_[594406,595998]	92.450	1139	82	4	476	1612	1	1137	0.0	1624
chromosome_8_(dbseq-nr_7)_[3708215,3709826]	scaffold_96_(dbseq-nr_95)_[36185,37549]	91.807	1367	108	4	20	1384	1	1365	0.0	1901
chromosome_8_(dbseq-nr_7)_[3708215,3709826]	scaffold_96_(dbseq-nr_95)_[36185,37549]	91.587	1367	111	4	248	1612	1	1365	0.0	1884
chromosome_8_(dbseq-nr_7)_[3708215,3709826]	scaffold_96_(dbseq-nr_95)_[36185,37549]	91.396	1139	94	4	20	1156	229	1365	0.0	1557
chromosome_8_(dbseq-nr_7)_[3708215,3709826]	scaffold_96_(dbseq-nr_95)_[36185,37549]	91.213	1138	98	2	476	1612	1	1137	0.0	1546
