scaffold_220_(dbseq-nr_219)_[112690,114113]	scaffold_8_(dbseq-nr_7)_[435588,437642]	91.396	1418	109	13	11	1421	2055	644	0.0	1930
scaffold_220_(dbseq-nr_219)_[112690,114113]	scaffold_8_(dbseq-nr_7)_[435588,437642]	91.332	1419	110	13	10	1421	1600	188	0.0	1927
scaffold_220_(dbseq-nr_219)_[112690,114113]	scaffold_8_(dbseq-nr_7)_[435588,437642]	91.191	1419	112	13	10	1421	1828	416	0.0	1916
scaffold_220_(dbseq-nr_219)_[112690,114113]	scaffold_8_(dbseq-nr_7)_[435588,437642]	91.479	1373	105	12	10	1376	1372	6	0.0	1877
scaffold_220_(dbseq-nr_219)_[112690,114113]	scaffold_8_(dbseq-nr_7)_[435588,437642]	91.590	1189	89	11	239	1421	2055	872	0.0	1631
scaffold_220_(dbseq-nr_219)_[112690,114113]	scaffold_8_(dbseq-nr_7)_[435588,437642]	91.171	1144	91	10	10	1148	1144	6	0.0	1544
scaffold_220_(dbseq-nr_219)_[112690,114113]	scaffold_61_(dbseq-nr_60)_[594406,595998]	90.806	1414	128	2	12	1424	1593	181	0.0	1890
scaffold_220_(dbseq-nr_219)_[112690,114113]	scaffold_61_(dbseq-nr_60)_[594406,595998]	90.936	1368	122	2	10	1376	1367	1	0.0	1838
scaffold_220_(dbseq-nr_219)_[112690,114113]	scaffold_61_(dbseq-nr_60)_[594406,595998]	90.894	1186	106	2	240	1424	1593	409	0.0	1591
scaffold_220_(dbseq-nr_219)_[112690,114113]	scaffold_61_(dbseq-nr_60)_[594406,595998]	90.781	1139	105	0	10	1148	1139	1	0.0	1522
scaffold_220_(dbseq-nr_219)_[112690,114113]	scaffold_61_(dbseq-nr_60)_[601851,603908]	90.768	1419	123	8	10	1424	457	1871	0.0	1888
scaffold_220_(dbseq-nr_219)_[112690,114113]	scaffold_61_(dbseq-nr_60)_[601851,603908]	90.704	1420	122	10	10	1424	1	1415	0.0	1882
scaffold_220_(dbseq-nr_219)_[112690,114113]	scaffold_61_(dbseq-nr_60)_[601851,603908]	90.493	1420	125	10	10	1424	229	1643	0.0	1866
scaffold_220_(dbseq-nr_219)_[112690,114113]	scaffold_61_(dbseq-nr_60)_[601851,603908]	91.314	1370	113	6	10	1376	685	2051	0.0	1866
scaffold_220_(dbseq-nr_219)_[112690,114113]	scaffold_61_(dbseq-nr_60)_[601851,603908]	90.664	1189	102	9	238	1421	1	1185	0.0	1572
scaffold_220_(dbseq-nr_219)_[112690,114113]	scaffold_61_(dbseq-nr_60)_[601851,603908]	91.148	1141	97	4	10	1148	913	2051	0.0	1544
scaffold_220_(dbseq-nr_219)_[112690,114113]	scaffold_96_(dbseq-nr_95)_[36185,37549]	90.226	1371	122	12	12	1376	1365	1	0.0	1779
scaffold_220_(dbseq-nr_219)_[112690,114113]	scaffold_96_(dbseq-nr_95)_[36185,37549]	90.122	1144	103	10	10	1148	1139	1	0.0	1478
