chromosome_8_(dbseq-nr_7)_[3708215,3709826]	scaffold_47_(dbseq-nr_46)_[61467,63521]	92.750	1600	112	4	15	1612	2055	458	0.0	2309
chromosome_8_(dbseq-nr_7)_[3708215,3709826]	scaffold_47_(dbseq-nr_46)_[61467,63521]	92.414	1595	117	4	20	1612	1594	2	0.0	2272
chromosome_8_(dbseq-nr_7)_[3708215,3709826]	scaffold_47_(dbseq-nr_46)_[61467,63521]	92.414	1595	117	4	20	1612	1822	230	0.0	2272
chromosome_8_(dbseq-nr_7)_[3708215,3709826]	scaffold_47_(dbseq-nr_46)_[61467,63521]	92.612	1367	97	4	248	1612	2050	686	0.0	1962
chromosome_8_(dbseq-nr_7)_[3708215,3709826]	scaffold_47_(dbseq-nr_46)_[61467,63521]	92.471	1368	99	4	20	1385	1366	1	0.0	1953
chromosome_8_(dbseq-nr_7)_[3708215,3709826]	scaffold_47_(dbseq-nr_46)_[61467,63521]	93.070	1140	75	4	20	1157	1138	1	0.0	1664
chromosome_8_(dbseq-nr_7)_[3708215,3709826]	scaffold_47_(dbseq-nr_46)_[61467,63521]	92.267	1138	86	2	476	1612	2050	914	0.0	1613
chromosome_8_(dbseq-nr_7)_[3708215,3709826]	scaffold_1524_(dbseq-nr_1523)_[3905,5269]	91.807	1367	108	4	20	1384	1365	1	0.0	1901
chromosome_8_(dbseq-nr_7)_[3708215,3709826]	scaffold_1524_(dbseq-nr_1523)_[3905,5269]	91.587	1367	111	4	248	1612	1365	1	0.0	1884
chromosome_8_(dbseq-nr_7)_[3708215,3709826]	scaffold_1524_(dbseq-nr_1523)_[3905,5269]	91.396	1139	94	4	20	1156	1137	1	0.0	1557
chromosome_8_(dbseq-nr_7)_[3708215,3709826]	scaffold_1524_(dbseq-nr_1523)_[3905,5269]	91.213	1138	98	2	476	1612	1365	229	0.0	1546
