scaffold_547_(dbseq-nr_546)_[38402,40065]	scaffold_47_(dbseq-nr_46)_[106464,121079]	91.496	1223	100	4	164	1385	8895	7676	0.0	1679
scaffold_1930_(dbseq-nr_1929)_[6,8857]	scaffold_27_(dbseq-nr_26)_[14527,23556]	95.504	6739	185	70	1707	8375	7580	890	0.0	10658
scaffold_2755_(dbseq-nr_2754)_[5990,15179]	scaffold_27_(dbseq-nr_26)_[14527,23556]	95.535	6742	186	70	504	7181	890	7580	0.0	10676
scaffold_2897_(dbseq-nr_2896)_[5326,14840]	scaffold_27_(dbseq-nr_26)_[14527,23556]	95.579	6741	183	68	208	6883	890	7580	0.0	10691
scaffold_3085_(dbseq-nr_3084)_[5160,14265]	scaffold_27_(dbseq-nr_26)_[14527,23556]	95.494	6635	179	73	2538	9106	7581	1001	0.0	10486
scaffold_3160_(dbseq-nr_3159)_[4818,14201]	scaffold_27_(dbseq-nr_26)_[14527,23556]	95.581	6743	182	69	2274	8951	7581	890	0.0	10695
scaffold_3710_(dbseq-nr_3709)_[6,9034]	scaffold_27_(dbseq-nr_26)_[14527,23556]	95.537	6745	181	71	537	7214	890	7581	0.0	10678
scaffold_4020_(dbseq-nr_4019)_[3323,12170]	scaffold_27_(dbseq-nr_26)_[14527,23556]	95.552	6744	182	70	558	7235	7581	890	0.0	10683
scaffold_4065_(dbseq-nr_4064)_[21,9234]	scaffold_27_(dbseq-nr_26)_[14527,23556]	95.579	6740	184	68	2484	9158	890	7580	0.0	10691
scaffold_4177_(dbseq-nr_4176)_[7,8993]	scaffold_27_(dbseq-nr_26)_[14527,23556]	95.567	6745	181	70	1152	7831	7581	890	0.0	10691
scaffold_4359_(dbseq-nr_4358)_[1880,11407]	scaffold_27_(dbseq-nr_26)_[14527,23556]	95.567	6745	181	70	594	7273	890	7581	0.0	10691
scaffold_4728_(dbseq-nr_4727)_[969,10498]	scaffold_27_(dbseq-nr_26)_[14527,23556]	95.567	6745	181	70	2533	9212	7581	890	0.0	10691
scaffold_5212_(dbseq-nr_5211)_[12,9270]	scaffold_27_(dbseq-nr_26)_[14527,23556]	95.645	6498	173	63	2823	9259	7581	1133	0.0	10331
scaffold_5257_(dbseq-nr_5256)_[197,9093]	scaffold_27_(dbseq-nr_26)_[14527,23556]	95.519	6739	185	70	1211	7880	890	7580	0.0	10663
