scaffold_8_(dbseq-nr_7)_[435588,437642]	chromosome_8_(dbseq-nr_7)_[3708215,3709826]	92.750	1600	112	4	1	1598	15	1612	0.0	2309
scaffold_8_(dbseq-nr_7)_[435588,437642]	chromosome_8_(dbseq-nr_7)_[3708215,3709826]	92.414	1595	117	4	234	1826	20	1612	0.0	2272
scaffold_8_(dbseq-nr_7)_[435588,437642]	chromosome_8_(dbseq-nr_7)_[3708215,3709826]	92.414	1595	117	4	462	2054	20	1612	0.0	2272
scaffold_61_(dbseq-nr_60)_[594406,595998]	chromosome_8_(dbseq-nr_7)_[3708215,3709826]	92.799	1597	107	8	1	1593	20	1612	0.0	2305
scaffold_61_(dbseq-nr_60)_[594406,595998]	chromosome_8_(dbseq-nr_7)_[3708215,3709826]	92.692	1382	94	7	216	1593	6	1384	0.0	1986
scaffold_61_(dbseq-nr_60)_[594406,595998]	chromosome_8_(dbseq-nr_7)_[3708215,3709826]	92.471	1368	97	6	1	1365	248	1612	0.0	1951
scaffold_61_(dbseq-nr_60)_[594406,595998]	chromosome_8_(dbseq-nr_7)_[3708215,3709826]	92.808	1154	76	7	444	1593	6	1156	0.0	1664
scaffold_61_(dbseq-nr_60)_[594406,595998]	chromosome_8_(dbseq-nr_7)_[3708215,3709826]	92.450	1139	82	4	1	1137	476	1612	0.0	1624
scaffold_61_(dbseq-nr_60)_[594406,595998]	chromosome_2_(dbseq-nr_1)_[1835752,1841835]	92.098	1139	86	4	457	1593	6075	4939	0.0	1602
scaffold_61_(dbseq-nr_60)_[594406,595998]	chromosome_2_(dbseq-nr_1)_[1835752,1841835]	91.762	1141	90	4	229	1367	6075	4937	0.0	1583
scaffold_61_(dbseq-nr_60)_[594406,595998]	chromosome_2_(dbseq-nr_1)_[1835752,1841835]	91.484	1139	91	6	4	1139	6072	4937	0.0	1561
scaffold_61_(dbseq-nr_60)_[601851,603908]	chromosome_8_(dbseq-nr_7)_[3708215,3709826]	92.609	1610	112	7	231	1836	1612	6	0.0	2307
scaffold_61_(dbseq-nr_60)_[601851,603908]	chromosome_8_(dbseq-nr_7)_[3708215,3709826]	92.581	1604	111	8	459	2058	1612	13	0.0	2296
scaffold_61_(dbseq-nr_60)_[601851,603908]	chromosome_8_(dbseq-nr_7)_[3708215,3709826]	92.418	1609	117	5	3	1608	1612	6	0.0	2290
scaffold_96_(dbseq-nr_95)_[36185,37549]	chromosome_8_(dbseq-nr_7)_[3708215,3709826]	91.807	1367	108	4	1	1365	20	1384	0.0	1901
scaffold_96_(dbseq-nr_95)_[36185,37549]	chromosome_8_(dbseq-nr_7)_[3708215,3709826]	91.587	1367	111	4	1	1365	248	1612	0.0	1884
scaffold_96_(dbseq-nr_95)_[36185,37549]	chromosome_8_(dbseq-nr_7)_[3708215,3709826]	91.396	1139	94	4	229	1365	20	1156	0.0	1557
scaffold_96_(dbseq-nr_95)_[36185,37549]	chromosome_8_(dbseq-nr_7)_[3708215,3709826]	91.213	1138	98	2	1	1137	476	1612	0.0	1546
scaffold_96_(dbseq-nr_95)_[36185,37549]	chromosome_2_(dbseq-nr_1)_[1835752,1841835]	90.877	1140	102	2	1	1139	6075	4937	0.0	1528
scaffold_96_(dbseq-nr_95)_[36185,37549]	chromosome_2_(dbseq-nr_1)_[1835752,1841835]	90.773	1138	103	2	229	1365	6075	4939	0.0	1519
